,exposures,azimuth,elevation,delta_ra,delta_dec,delta_az,delta_el,pointing_distance,delta_x [pixels],delta_y [pixels],delta_r [pixels]
0,2022050500291,359.176665473467,29.7035174652119,2.4633344271137503,1.5083935483062305,-434.9842814534213,-326.29313607416606,2.6088734628210313,-2.645981369013446,-0.2827905344962592,2.6610501482623263
1,2022050500293,15.376505185515303,48.2121441348427,4.248525268167214,3.0191927157659393,-782.4641930474443,-134.82868135267267,5.154109670167449,-5.200326025567254,-0.16623527384401648,5.202982311949763
2,2022050500295,21.2153469813347,72.202083973476,3.157603372142148,4.952406399020504,-2028.034382680022,-62.37331780452564,5.828099474663158,-5.853166246893437,-0.559157628493893,5.879813973866479
3,2022050500297,22.1970292222977,34.0951836689492,5.151413600049182,2.0429753895129465,-490.80994127831445,-87.2354080027975,5.179020198444252,-5.1466131875508525,-0.9545007979876188,5.234376665433177
4,2022050500299,33.6299420190335,44.2324084623833,3.2765231258281347,2.2015416518158304,-621.4033910112164,31.72719433724751,3.9093926892246955,-3.7391632655715266,-1.3346730536879248,3.9702259490915845
5,2022050500301,44.7618993413926,24.8448174282094,-2.0482072819618224,5.40589092971544,-318.9119343857641,86.21716125221326,5.736906930908514,3.269333352540168,-4.7281218974863375,5.748363005893185
6,2022050500303,45.2904335451458,53.7499343438976,4.180905435976001,4.609698805652762,-773.6687900375415,143.911212168382,6.220568369252939,-5.308770588087217,-3.3665945875811243,6.28625518683981
7,2022050500305,46.1639132392884,82.9865807874885,7.156212269728712,1.807059845222625,-4307.733608386255,170.75359414931768,6.727398518584777,-6.219566204418933,2.628536763699986,6.752200329468352
8,2022050500307,55.9811290395592,35.6771688743611,1.4720016515525458,-0.5994205198600611,-376.10655957126085,194.54163022655564,1.5823446259431728,-1.5975829841552789,0.2713168241075786,1.620458024851711
9,2022050500309,67.3208618951176,33.5023618324776,1.1656365035946692,-1.2751977496582578,-290.0413055382671,254.97335331207012,1.7276666104771488,-1.5720125081723233,0.7654405061081155,1.7484628947281915
10,2022050500311,66.4853788209293,69.60061392028,3.8095466610002404,-2.755078429970581,-983.003859698465,288.63226843270127,4.508970778314405,-2.992400129278184,3.3665790061959973,4.504254959331645
11,2022050500313,75.0025770855282,57.2478299423092,6.014538521856139,-1.1031708798043383,-466.4869350912909,312.2524496913826,5.842056518850411,-5.84706404751749,0.6557921916179421,5.883725127362654
12,2022050500315,78.7325302553363,39.8744008525391,4.614379058898521,-2.7041673823241297,-248.98718833505882,305.49531009771727,5.275097498728167,-5.228224423086694,0.9458440324174466,5.313092465958021
13,2022050500317,89.6662803781219,25.3689528091927,3.911554248043103,-5.056903151071879,-124.92236087670676,301.0290474488997,6.340426371294276,-6.140969117543911,1.7044815601784713,6.373127889162156
14,2022050500319,101.119920392041,47.9705517574184,2.9322543067564766,-5.434757524986367,-49.29185630503525,332.1666806277136,6.010053664588108,-4.864356147939802,3.546344218873562,6.019843690058544
15,2022050500321,105.333521444802,49.2747910900944,0.5431767363575091,-6.329165329778164,-0.7204968899770847,337.2551848189829,6.3459250258579445,-3.6304116395575803,5.189689494419404,6.333463959092393
16,2022050500323,112.562575418953,23.6181824489613,2.111024535031447,-7.771177701727083,-12.162387719388335,262.3789941048315,7.98211280779962,-6.763108821316672,4.266396926847306,7.996360651345306
17,2022050500325,112.345300842528,63.143768368565404,-4.936934451598063,-6.741899503003879,178.1661289793817,323.23498590232305,7.820690918903871,-0.20218066689508815,7.770914040077143,7.773543724732897
18,2022050500327,123.690382469882,45.6364505573147,2.544675682918296,-5.212724388201195,172.2288203352889,264.0629028133674,5.525288380428698,-4.970914288823099,2.459945092932012,5.546288734556284
19,2022050500329,134.820537794803,29.124873338558196,-0.7470833919114739,-6.224570379720262,112.8525984414523,169.2669772989987,6.242351461674208,-4.334535867429389,4.489462554313746,6.240470752484715
20,2022050500331,135.54978304026,48.7496623977058,-0.9598917628750314,-3.7432890716843303,309.6318249123897,196.9834457620152,3.790338213789697,-2.704355790482705,2.6555070411413686,3.7901527524716894
21,2022050500333,135.527745116924,79.3496877535072,0.947801218501354,-0.050781489042606154,1605.5864127531322,219.42877587745215,0.7543778997199532,-0.5648168893282522,-0.597178383923111,0.821973321157969
22,2022050500335,146.363709051584,24.8254795952816,-0.699684407334189,-5.948314541393529,114.95539260690748,69.37152906425723,5.958747504611886,-4.168690328188083,4.255827089430693,5.957352034877659
23,2022050500337,146.429792423223,45.1059699638718,-2.8838415411200913,-3.0338369457098224,336.67424113810966,105.81305471077087,3.3629114974056455,-2.0831893507248376,2.6289756614244992,3.3542794903430084
24,2022050500339,158.269904334506,71.8829377575603,-0.1812961741052277,-0.842028620601809,1313.165621750852,22.696866814823125,0.8511664099737402,-0.8559966069891163,0.21917605864303846,0.8836109640895004
25,2022050500341,157.969427187403,35.5171777888318,-8.171321147324306,-3.8753012645543095,262.428331691558,-5.786418238207602,4.71923548468681,-2.3556213943745727,4.068345477312405,4.7011048782603755
26,2022050500343,165.726262558659,55.7707106157177,-6.181685221076805,0.1404661933264606,651.2310273148046,-56.76909969343171,2.8588512115603684,-0.24249461631804,2.8042223357016214,2.814687646434519
27,2022050500345,168.870952804049,44.6414895935886,-9.493175287479971,-1.4305693402491215,424.23082668391316,-100.49042783566335,3.10982835926603,-1.950630241963011,2.411714848718306,3.101826373669074
28,2022050500347,179.963162023982,22.4243718966027,28.837271810812126,-1.3130744063516886,135.9141922005506,-262.9512904302459,4.125577233511669,-3.1535779490362525,2.6674862732607934,4.130440279035935
29,2022050500349,191.168963690056,48.7042552812927,-14.63687616191578,5.7911222066479695,522.7908744373622,-318.48134836314443,7.710917109786299,-2.8774057687011143,7.124714248131102,7.6838152681644285
30,2022050500351,194.578641881002,50.3714547141426,-8.437479767894729,3.050840848379721,545.2287111280384,-351.901323907785,4.484915345622744,-2.3543280704765888,3.798256247370201,4.46873709051235
31,2022050500353,202.649915297283,24.3548524960061,10.050694218725198,3.8407575828728113,147.61494738744432,-478.75554232748385,5.256176313854419,-3.6979893185794865,3.733813802667697,5.25513943804727
32,2022050500355,202.456915159477,69.2211694105354,-8.100823022789427,3.781255632037528,1218.2942954688315,-416.8909290349575,6.530342225845064,-1.776459532042902,6.249202449415772,6.4967945729236485
33,2022050500357,213.793768216608,46.4819333537453,-4.331931426332858,5.104035429670262,400.3287490314392,-540.9698024372886,5.564080326700801,-4.128751620103492,3.7339468660962525,5.56677187778853
34,2022050500359,224.879352380274,49.5030220433109,-1.910791224958075,5.496985700494861,376.6104130311305,-630.3008255478346,5.625470614976084,-3.6710932671819894,4.255025034936361,5.619801048461068
35,2022050500361,224.747805227278,31.4705764337559,5.325799697112643,6.616674109301357,164.0783651745096,-658.5166338983313,7.390520866386729,-5.024940025551714,5.4149942449108295,7.387298892884264
36,2022050500363,230.84100537443004,85.2724080367771,-3.070524443728573,-4.336827500279128,3560.776456272174,-648.2935003402417,5.042235701674148,-4.576579147371566,-2.2641585651816616,5.106024941227934
37,2022050500365,236.480979253291,37.3847132011288,5.543126775097562,4.246999633176074,156.26921457433127,-722.9687634510952,5.86272735495068,-1.8329153204414848,5.536195107751244,5.831726574780227
38,2022050500367,236.20964475417,25.4213721140404,7.274152740916406,4.6438220996464,71.58798451907842,-747.6584567920397,7.220554092525961,-4.063351501505376,5.952709792726517,7.207328166609882
39,2022050500369,247.93893494151402,71.0066962822311,1.3947957776281328,3.0897755816795325,464.53191363114,-760.9201903251574,3.2917725738182346,0.6023960429951357,3.178889284830701,3.2354625755566455
40,2022050500371,247.06474580310203,23.3900887354393,7.515733392540369,5.327447072941993,17.456625463296405,-820.3324144208536,8.382677424426396,-5.26346739859681,6.5141066872457785,8.374823878083147
41,2022050500373,258.775811720436,40.4766068442841,3.5139961262473207,12.171978997201904,16.53547192413498,-833.0399804297372,12.568290641540397,-10.096698296550715,7.499735720860059,12.57733486770208
42,2022050500375,269.335173297455,22.8367123588105,3.7055096140420574,6.6007924031815435,-76.89915101857423,-887.5345069904583,7.532060733388583,-6.921599288470275,3.030713308383934,7.556041282825796
43,2022050500377,281.008579212954,40.1757756455918,4.6856327307637,5.8255981017531155,-181.4610660871267,-841.5898251047196,7.41876227190616,-4.986823937643646,5.487385430667013,7.4148372773616735
44,2022050500379,280.923590291073,22.9445697947522,5.080112452509411,5.20609711916844,-130.271444940945,-884.8225090174878,7.270523530503018,-5.984877333551453,4.148182225991422,7.2819072005683445
45,2022050500381,285.456506091869,60.9315847440594,4.3058524865955405,6.947206070117318,-386.9706764495959,-806.4034550254377,8.051532714429797,-3.699423676926163,7.127555912142401,8.030428931390775
46,2022050500383,293.222725618412,70.4290356322163,4.453135302401279,7.885462204919236,-800.5240179439397,-785.1120920013557,8.914176669848949,-3.6127161279639695,8.121974571592915,8.889217556278668
47,2022050500385,291.879533905303,25.4441217168351,4.329594268409664,6.044724889898134,-192.40228996845872,-854.7840653833447,7.428043130043123,-6.8110482239863,3.0228438654104433,7.451708726467808
48,2022050500387,304.033565301215,43.1752819403191,5.052974466212845,4.689665452356762,-404.5820835760651,-759.3384147829426,6.893683926283605,-4.844018221113473,4.903380723199329,6.892579708869685
49,2022050500389,313.282391506946,75.2069989426818,5.174141194652293,5.525798382092262,-1744.22275195368,-679.6987528404088,7.370905494688745,-2.7802105598494364,6.797500437369462,7.344084895556174
50,2022050500391,314.661804217612,31.911843179084798,6.086757355137706,2.8865594301763053,-341.1698957057524,-706.7630013177194,6.5602937901059555,-4.681909116306977,4.595258705760853,6.560234412445129
51,2022050500393,315.461958128726,60.6269501729839,6.25410555533108,4.453943831536122,-868.6451509330936,-669.886394319434,7.631853181510246,-3.5778351848914207,6.7181176653004595,7.611439389173977
52,2022050500395,326.670843887827,43.3087888940354,6.42385337387168,4.063042377066495,-555.4100805018379,-600.2581695312614,7.510067505340102,-5.862849000166425,4.704096455570798,7.516749421263569
53,2022050500397,337.062681842348,31.4383943959256,8.468767017728851,2.4835893418384103,-423.0619302011519,-533.4045700517606,8.081602712876025,-6.657797771185548,4.601241476604556,8.093064579504437
54,2022050500399,337.763255167505,63.5340253098839,5.161455305756135,3.0654249929149557,-1245.5144621460931,-488.55077689143513,5.984463204242085,-3.7633697686504,4.643097486017578,5.976730400499467
55,2022050500401,348.883901614448,41.7296781226178,7.616530321820392,1.7569253415061326,-614.6741633724105,-403.80315100946405,7.474364933180112,-5.938911115722993,4.551680033003856,7.482543442126087
56,2022050500403,338.454070169231,38.9413998111268,7.248191007442983,7.714354304769699,-784.5381748770478,-580.2169654440632,10.341795419303097,-10.230876245109723,1.754360919195997,10.380202838940704
57,2022050500405,337.90014081051,38.7882023139973,0.23947725062498648,-0.5655528007508792,-786.7955115156064,-584.8831779704,0.609621577122886,0.3135564728343349,0.4430911959650919,0.5428143970070105
