,exposures,azimuth,elevation,dx_origin,dy_origin,pointing_origin
0,2022040700159,10.6860636954225,37.4695161565323,-0.06206974678031219,2.718875001851987,2.7195834109585633
1,2022040700161,15.3460057867924,47.4320723696583,1.30180352878623,5.426677064436349,5.580637632855209
2,2022040700163,22.6572082233906,63.48250722726521,-6.963085656476585,2.320961286339645,7.339715468062596
3,2022040700165,22.3727295589924,35.9015119656106,-2.744132314519136,1.4804983067119857,3.1180342197873983
4,2022040700167,33.3939250600815,42.8064326032181,-1.5467829313847374,5.28734008713479,5.5089475069059874
5,2022040700169,42.8375967634202,79.6420337839809,-23.88125886325856,2.5342792115993937,24.015351257400134
6,2022040700171,45.3883395386074,57.2689778192871,-7.104749746932511,4.4077828309261395,8.360981907117418
7,2022040700173,68.2163978410099,67.838822363221,-13.664852525250074,3.17306394517474,14.028418632796829
8,2022040700175,67.7098313761089,36.1295877977245,-5.5727666083734855,0.7926092605441943,5.628850425380207
9,2022040700177,75.3332827282138,47.2943847461574,-5.7527609182783666,3.281088160062003,6.622673002419039
10,2022040700179,90.0002824557014,24.9907760902424,-11.180820067923504,-18.477005340933154,21.59653823556343
11,2022040700181,100.958868492846,36.1433537884586,-4.083022014941775,-2.696347075770999,4.892990530086688
12,2022040700183,104.537873197798,49.3888149245613,-3.312308663851081,1.8000102154633986,3.7698044326457474
13,2022040700185,111.843082685475,37.1643442495842,0.11363756863975784,9.047346093243814,9.048059727253156
14,2022040700187,112.002506483797,70.6323242767539,-13.46279845662077,-2.369509268246332,13.669729933539136
15,2022040700189,123.41007642864102,44.6520302279969,-2.841023055285044,-2.0402633365874063,3.4977259016801105
16,2022040700191,135.176372606729,36.4103855772992,-0.9597879758177662,-4.824166526845544,4.918716868987415
17,2022040700193,135.256149102424,54.9341211303108,-3.058078488479591,-2.2439824290081773,3.7930596071508105
18,2022040700195,136.106828678821,72.081511972734,-14.408256989491457,-5.594122430755182,15.456133903583641
19,2022040700197,146.653490443205,22.0750749691506,-11.545268768594049,-24.770832232753087,27.3292400267968
20,2022040700199,146.486217607235,40.9588260038872,-0.35499235878295177,-0.04101303118810513,0.35735366728427514
21,2022040700201,157.056036670168,70.0741816147201,-11.512016660368111,-4.325588082817854,12.297855091470577
22,2022040700203,157.601418722828,37.8658733352204,-1.3412305510791973,0.17178202412801408,1.3521865459180271
23,2022040700205,165.442257751187,51.8200474067562,-0.7678715192261368,2.2156403534467897,2.3449283242479866
24,2022040700207,168.296290416678,23.4494880422135,-10.066849296456265,-18.106955104937754,20.717221771506754
25,2022040700209,168.080759276112,43.5614042564412,-0.1557641768311391,4.299269900657777,4.302090672857304
26,2022040700211,179.844062555989,33.6148720069905,-4.728760513259413,-2.674126070692887,5.432506441203802
27,2022040700213,191.285888780607,40.1986016913434,-3.893040687391571,5.281193938163305,6.56100413093751
28,2022040700215,195.6657894745,52.6734261794918,-2.6024257770882335,2.9468657213372644,3.9314930376189006
29,2022040700217,202.360472758068,26.0514815732022,-9.362245265070433,-12.907591429030294,15.945455556430804
30,2022040700219,202.634309758199,59.59751075347591,-5.328234951604632,1.352701135128792,5.497261869374602
31,2022040700221,213.846699376343,22.0521112366696,-12.152043988411203,-22.662467903618,25.7149688815444
32,2022040700223,213.178751547588,39.4588976188534,-2.060180989912913,1.6601462378005831,2.645832806902579
33,2022040700225,225.396853317259,60.381564257943,-2.994149018094147,0.588029126097564,3.051345046974073
34,2022040700227,224.751350213526,33.3282287999173,-4.133022127086162,-2.947218783798539,5.076216156012149
35,2022040700229,226.032989253043,77.0152624531474,-16.615740013186212,-2.8531002300582275,16.8589144700528
36,2022040700231,236.34742983125003,43.9263974710484,2.410418390300633,3.5916946114533315,4.325550484995221
37,2022040700233,247.499997694715,29.521987347223302,-0.3226432266814735,-2.6935627746477544,2.712817552415116
38,2022040700235,247.440503169521,60.0314725025528,1.8268515092375428,1.9676450492496649,2.6849606098861494
39,2022040700237,255.068235774263,48.7716882511013,3.9947820518447585,6.839445013523264,7.920624453586299
40,2022040700239,258.391779292157,21.799650548317,-9.03934342824693,-16.500765448934274,18.814488832135037
41,2022040700241,258.867802548935,40.0693433567067,3.5302075622707076,8.104553874168612,8.84003161374521
42,2022040700243,280.667395520737,47.7316916569107,0.4533809787950232,7.41389453614104,7.427744375310388
43,2022040700245,280.909955728581,26.8138386889477,-7.562326422209314,-7.030213958862366,10.325342087477217
44,2022040700247,284.998256493142,50.3365623041027,0.9871675906955473,8.495199886681496,8.552363472560842
45,2022040700249,292.063195932424,63.10243463356161,-6.058843782967671,5.853986925572797,8.424888777377612
46,2022040700251,292.039465088179,29.1142678841134,-7.455078130691475,-3.4095893208873753,8.197773433794296
47,2022040700253,304.309303987538,45.3182431145542,-3.2127100870870344,5.329225254821663,6.222712263981021
48,2022040700255,315.143608975923,32.2267845853348,-6.706012823044517,-2.819465191471415,7.274612838409783
49,2022040700257,312.895131487167,74.2096722706046,-18.554243194108185,0.5256777765622882,18.56168843696288
50,2022040700259,326.46852173259,38.4726426585548,-4.063043201930614,0.6753314429045815,4.118785332902185
51,2022040700261,337.501078176996,36.1005502029439,-4.721610666027322,-1.5859137548020865,4.980836246978355
52,2022040700263,337.092609483501,66.2980685218208,-11.64192252072139,0.11835801318148054,11.642524150619751
53,2022040700265,344.760205972692,49.9989902063244,-3.798349651082694,1.38197911832258,4.0419458624973785
54,2022040700267,99.5802072477527,80.7760301812377,-26.362103224574398,-0.05852248541706076,26.362168182917262
55,2022040700269,99.8758076918166,81.3739942594257,-24.96020737635566,0.19215156359173138,24.960946987125112
56,2022040700271,259.722128588488,22.3615456207772,,,
57,2022040700273,185.082648773459,82.0743775947776,-27.227197931489314,2.025661159347803,27.302446966031933
58,2022040700275,269.464007843068,20.9491654320736,-8.307308640836128,-19.828371773032643,21.498272117165797
59,2022040700277,19.1393945408345,23.4557639642735,-10.251939342339115,-16.52866529917769,19.449910972835873
60,2022040700279,18.6304042530537,23.6218999906559,-7.754751749294387,-13.571913597747372,15.631155216358911
61,2022040700281,110.186835159067,81.8087731881824,-27.134608210334164,-2.522158476614838,27.251573277693424
62,2022040700283,249.953709770663,24.038310258009,-4.90700577082253,-11.420550969290714,12.430112231072279
63,2022040700285,249.44141544841102,22.929567752697,-5.751600236130414,-14.69166784229378,15.777389177698085
64,2022040700287,249.672703672884,59.7416052802437,2.6909224892007644,-0.31102372011854856,2.708837314672629
65,2022040700289,239.974088449701,69.5810695572582,-5.977017967844336,-2.8545835528221493,6.623699196670752
66,2022040700291,240.07669993185803,69.45598116357,-5.82171729485253,-2.5892252778209612,6.371536690665141
67,2022040700293,179.969091941079,60.10063192089729,-5.5131959938499655,-0.4588878704840137,5.53226067211955
68,2022040700295,170.459630567988,50.0281780048244,-4.111268360771696,1.3256377823022634,4.319704048213216
69,2022040700297,170.545232821663,50.0524095280998,-4.245341095133237,2.0676464874615155,4.722084604402913
70,2022040700299,140.285845775594,40.2801171525498,-4.708547354415844,2.558452073031864,5.358740075687333
71,2022040700301,149.52783726569,50.0814256652229,-0.10573678800458827,-1.2462786034000974,1.2507560216246911
72,2022040700303,149.592333216642,50.1544970854156,-0.12870726388688616,-1.3046028114787105,1.3109363277807982
73,2022040700305,109.370980043415,30.289895741559995,-6.145921166690928,-9.102956263552441,10.983449354521019
74,2022040700307,73.026770283017,35.6188335104962,-4.122595674880585,1.6456206232067847,4.438903280548878
75,2022040700309,72.9068862688873,35.7637465580483,-3.1207338287108426,2.332022781353687,3.895806704960196
