,exposures,azimuth,elevation,dx_origin,dy_origin,pointing_origin
0,2022040700159,10.6860636954225,37.4695161565323,-0.06206974678031219,2.718875001851987,2.7195834109585633
1,2022040700160,10.575819093443,37.4854931815644,-0.16299941024912715,-0.6151361472954388,0.6363656868900451
2,2022040700161,15.3460057867924,47.4320723696583,1.30180352878623,5.426677064436349,5.580637632855209
3,2022040700162,15.1765044821659,47.4611296339863,-0.2845877784083825,0.1273949162574197,0.3118006868299902
4,2022040700163,22.6572082233906,63.48250722726521,-6.963085656476585,2.320961286339645,7.339715468062596
5,2022040700164,22.4675894570828,63.51160114844971,0.07001874520575539,-0.05268933913880038,0.08762871184190725
6,2022040700165,22.3727295589924,35.9015119656106,-2.744132314519136,1.4804983067119857,3.1180342197873983
7,2022040700166,22.2788504553318,35.9302473648568,-0.33263038422818675,0.10793102488189546,0.34970284334538587
8,2022040700167,33.3939250600815,42.8064326032181,-1.5467829313847374,5.28734008713479,5.5089475069059874
9,2022040700168,33.2890135837079,42.8489205821534,-0.6276752418953804,0.7175359457567406,0.9533278778790876
10,2022040700169,42.8375967634202,79.6420337839809,-23.88125886325856,2.5342792115993937,24.015351257400134
11,2022040700170,42.4511423004151,79.6946064217773,-0.02458786598328252,-1.1311163497680206,1.1313835600123165
12,2022040700171,45.3883395386074,57.2689778192871,-7.104749746932511,4.4077828309261395,8.360981907117418
13,2022040700172,45.265370090041,57.32204711278611,0.03735734288978248,0.061408866812538286,0.07187920416215561
14,2022040700173,68.2163978410099,67.838822363221,-13.664852525250074,3.17306394517474,14.028418632796829
15,2022040700174,68.1090048742626,67.9060729428165,-0.45083847435502455,-1.12592046070422,1.2128281880757756
16,2022040700175,67.7098313761089,36.1295877977245,-5.5727666083734855,0.7926092605441943,5.628850425380207
17,2022040700176,67.6463381243084,36.1990927739971,-0.32223998782774993,0.2136496155611106,0.3866326007783601
18,2022040700177,75.3332827282138,47.2943847461574,-5.7527609182783666,3.281088160062003,6.622673002419039
19,2022040700178,75.2738498938415,47.3636076434486,-0.0912479939969375,0.06251565696672565,0.11060923910074807
20,2022040700179,90.0002824557014,24.9907760902424,-11.180820067923504,-18.477005340933154,21.59653823556343
21,2022040700180,89.9567685318179,25.0609489365597,0.4191614298568362,1.10098194714168,1.178073661623717
22,2022040700181,100.958868492846,36.1433537884586,-4.083022014941775,-2.696347075770999,4.892990530086688
23,2022040700182,100.924057890181,36.2164556070202,-0.41931151169236375,0.9801017832368006,1.066030791929432
24,2022040700183,104.537873197798,49.3888149245613,-3.312308663851081,1.8000102154633986,3.7698044326457474
25,2022040700184,104.518207688336,49.461826442086,-0.3380133719801755,-0.9264047128332242,0.9861433625984698
26,2022040700185,111.843082685475,37.1643442495842,0.11363756863975784,9.047346093243814,9.048059727253156
27,2022040700186,111.82380520225,37.2334017439862,-0.3903539096996527,0.0633066591419537,0.39545405284245116
28,2022040700187,112.002506483797,70.6323242767539,-13.46279845662077,-2.369509268246332,13.669729933539136
29,2022040700188,112.041057873954,70.6992042644706,0.034125397745703126,-0.3622149289712993,0.3638189076188672
30,2022040700189,123.41007642864102,44.6520302279969,-2.841023055285044,-2.0402633365874063,3.4977259016801105
31,2022040700190,123.40719797133401,44.7174345537205,0.22235204271349646,0.2839987141792741,0.3606878159216715
32,2022040700191,135.176372606729,36.4103855772992,-0.9597879758177662,-4.824166526845544,4.918716868987415
33,2022040700192,135.170810599302,36.4600431009312,-1.7951000707859024,0.5525359198761647,1.8782119707021758
34,2022040700193,135.256149102424,54.9341211303108,-3.058078488479591,-2.2439824290081773,3.7930596071508105
35,2022040700194,135.28863110063,54.9863906784885,-0.006113582144764611,-0.11214787923414705,0.11231439223606926
36,2022040700195,136.106828678821,72.081511972734,-14.408256989491457,-5.594122430755182,15.456133903583641
37,2022040700196,136.230636317705,72.127624510118,-0.032177667835572694,0.044587693197169126,0.054986040882948936
38,2022040700197,146.653490443205,22.0750749691506,-11.545268768594049,-24.770832232753087,27.3292400267968
39,2022040700198,146.635248739694,22.1090666039963,0.742910885635868,0.339543149354086,0.8168268692137649
40,2022040700199,146.486217607235,40.9588260038872,-0.35499235878295177,-0.04101303118810513,0.35735366728427514
41,2022040700200,146.497471709212,41.0025795384427,-0.01752503647173699,-0.4242528812060845,0.4246146890005099
42,2022040700201,157.056036670168,70.0741816147201,-11.512016660368111,-4.325588082817854,12.297855091470577
43,2022040700202,157.203622539004,70.0987868591037,-0.29738168816531674,0.03662534789341585,0.29962857768304985
44,2022040700203,157.601418722828,37.8658733352204,-1.3412305510791973,0.17178202412801408,1.3521865459180271
45,2022040700204,157.612992454728,37.8975140138646,-0.14654123257153523,0.2693461149568429,0.3066295199192824
46,2022040700205,165.442257751187,51.8200474067562,-0.7678715192261368,2.2156403534467897,2.3449283242479866
47,2022040700206,165.48991211172,51.8383445425861,0.026150910837830117,-0.2755888538025163,0.276826816760647
48,2022040700207,168.296290416678,23.4494880422135,-10.066849296456265,-18.106955104937754,20.717221771506754
49,2022040700208,168.284694780072,23.458920924284,-0.10577178521531141,0.1608728294710773,0.19252983615446279
50,2022040700209,168.080759276112,43.5614042564412,-0.1557641768311391,4.299269900657777,4.302090672857304
51,2022040700210,168.108133454283,43.5777916594379,-0.5879176321484908,-0.6868282929282364,0.9040908395497675
52,2022040700211,179.844062555989,33.6148720069905,-4.728760513259413,-2.674126070692887,5.432506441203802
53,2022040700212,179.851077426632,33.6135756059666,0.4148760498863465,0.12617704828948945,0.4336390022638029
54,2022040700213,191.285888780607,40.1986016913434,-3.893040687391571,5.281193938163305,6.56100413093751
55,2022040700214,191.306548048509,40.1841061397572,0.17132751668079127,-0.35860137486112387,0.3974268033541461
56,2022040700215,195.6657894745,52.6734261794918,-2.6024257770882335,2.9468657213372644,3.9314930376189006
57,2022040700216,195.735789318336,52.6458602233761,0.11234925898651814,0.060506354925923996,0.12760632813948378
58,2022040700217,202.360472758068,26.0514815732022,-9.362245265070433,-12.907591429030294,15.945455556430804
59,2022040700218,202.351648737429,26.0181417151471,-0.17956202021173737,0.4660293342251249,0.4994255294444143
60,2022040700219,202.634309758199,59.59751075347591,-5.328234951604632,1.352701135128792,5.497261869374602
61,2022040700220,202.707432140363,59.568410573803696,0.3723494206385699,-0.015495385321527387,0.3726717027306223
62,2022040700221,213.846699376343,22.0521112366696,-12.152043988411203,-22.662467903618,25.7149688815444
63,2022040700222,213.828572113751,22.0028046353837,0.2749630129617243,-0.28012937071594307,0.39252658869775897
64,2022040700223,213.178751547588,39.4588976188534,-2.060180989912913,1.6601462378005831,2.645832806902579
65,2022040700224,213.187391836895,39.4193135782261,0.08471057326863773,0.09023422805952636,0.12376630049007628
66,2022040700225,225.396853317259,60.381564257943,-2.994149018094147,0.588029126097564,3.051345046974073
67,2022040700226,225.446784426211,60.32677790363961,-0.18099765573965876,0.07681448356113545,0.19662303086875652
68,2022040700227,224.751350213526,33.3282287999173,-4.133022127086162,-2.947218783798539,5.076216156012149
69,2022040700228,224.74367507243,33.2760571523686,-0.3338807455262316,0.0861003771222955,0.34480375168166855
70,2022040700229,226.032989253043,77.0152624531474,-16.615740013186212,-2.8531002300582275,16.8589144700528
71,2022040700230,226.215507765053,76.9558376653877,-1.1983125847245026,0.03412490788844775,1.198798381733773
72,2022040700231,236.34742983125003,43.9263974710484,2.410418390300633,3.5916946114533315,4.325550484995221
73,2022040700232,236.34394295953103,43.8674711271306,-0.5835023408942281,0.04051552895228139,0.584907248985108
74,2022040700233,247.499997694715,29.521987347223302,-0.3226432266814735,-2.6935627746477544,2.712817552415116
75,2022040700234,247.463465113862,29.431279508688,-0.28616159110574324,0.1192822347819869,0.31002694682681314
76,2022040700235,247.440503169521,60.0314725025528,1.8268515092375428,1.9676450492496649,2.6849606098861494
77,2022040700236,247.446651239617,59.9654168470734,0.026867764468571684,0.2669461010515305,0.2682947961369221
78,2022040700237,255.068235774263,48.7716882511013,3.9947820518447585,6.839445013523264,7.920624453586299
79,2022040700238,255.04810892485,48.704159168803,-0.4978727053599863,-0.015271337628871054,0.49810686051834974
80,2022040700239,258.391779292157,21.799650548317,-9.03934342824693,-16.500765448934274,18.814488832135037
81,2022040700240,258.354214507883,21.7204811259435,-0.12726245031691027,-0.5909069890035463,0.604455789048216
82,2022040700241,258.867802548935,40.0693433567067,3.5302075622707076,8.104553874168612,8.84003161374521
83,2022040700242,258.8381239062,40.0007427319069,0.018683424078694673,0.15911186066641356,0.16020503905942707
84,2022040700243,280.667395520737,47.7316916569107,0.4533809787950232,7.41389453614104,7.427744375310388
85,2022040700244,280.610065091183,47.6587221606605,0.03577746074212658,0.12065441367260452,0.12584718604654768
86,2022040700245,280.909955728581,26.8138386889477,-7.562326422209314,-7.030213958862366,10.325342087477217
87,2022040700246,280.862144458821,26.7402835770627,3.660568132152775e-05,-0.3065701059675533,0.30657010815298474
88,2022040700247,284.998256493142,50.3365623041027,0.9871675906955473,8.495199886681496,8.552363472560842
89,2022040700248,284.932767677834,50.2648333295219,0.3355656059540924,0.4636534465544227,0.5723449959605938
90,2022040700249,292.063195932424,63.10243463356161,-6.058843782967671,5.853986925572797,8.424888777377612
91,2022040700250,291.973117518937,63.03459977945019,0.17515824825463563,0.5012831461568162,0.5310039590742319
92,2022040700251,292.039465088179,29.1142678841134,-7.455078130691475,-3.4095893208873753,8.197773433794296
93,2022040700252,291.983886141097,29.0456708355923,-0.250376836310456,-0.7079625805602501,0.7509324707551015
94,2022040700253,304.309303987538,45.3182431145542,-3.2127100870870344,5.329225254821663,6.222712263981021
95,2022040700254,304.224221188342,45.2559425516956,-0.34494735817984146,0.5130838211041088,0.618258592656863
96,2022040700255,315.143608975923,32.2267845853348,-6.706012823044517,-2.819465191471415,7.274612838409783
97,2022040700256,315.03721334388,32.1513090117951,-0.015854538626809234,0.21693939349529867,0.21751796901676196
98,2022040700257,312.895131487167,74.2096722706046,-18.554243194108185,0.5256777765622882,18.56168843696288
99,2022040700258,312.590074468171,74.1278304739681,0.15162149962056548,-0.5159260334939637,0.5377441317057804
100,2022040700259,326.46852173259,38.4726426585548,-4.063043201930614,0.6753314429045815,4.118785332902185
101,2022040700260,326.37550987651,38.430223075964,-0.08690805178882534,0.14908597701452778,0.1725677780123087
102,2022040700261,337.501078176996,36.1005502029439,-4.721610666027322,-1.5859137548020865,4.980836246978355
103,2022040700262,337.41045438101,36.0717848523636,-0.46564361718358355,0.3914013421079492,0.6082918615497955
104,2022040700263,337.092609483501,66.2980685218208,-11.64192252072139,0.11835801318148054,11.642524150619751
105,2022040700264,336.893434006473,66.2654255910747,0.1608973577092686,-0.044206980886084414,0.16685987197911598
106,2022040700265,344.760205972692,49.9989902063244,-3.798349651082694,1.38197911832258,4.0419458624973785
107,2022040700266,344.630519825718,49.978472648465,-0.49640121501659734,0.6693479260338678,0.8333311540772937
108,2022040700267,99.5802072477527,80.7760301812377,-26.362103224574398,-0.05852248541706076,26.362168182917262
109,2022040700268,190.148216415895,19.6593331380864,-13.827066858469596,-33.57398425369547,36.309781004241536
110,2022040700269,99.8758076918166,81.3739942594257,-24.96020737635566,0.19215156359173138,24.960946987125112
111,2022040700270,169.491668720206,83.3307220621791,-29.123260404150898,-2.775586233578181,29.255224755725468
112,2022040700271,259.722128588488,22.3615456207772,,,
113,2022040700272,269.854664880564,21.6189389511128,-7.810005594919722,-18.03543812445844,19.653834631792503
114,2022040700273,185.082648773459,82.0743775947776,-27.227197931489314,2.025661159347803,27.302446966031933
115,2022040700274,185.857474137796,82.0631798191753,-27.446938406019925,0.9381001537365055,27.462965239796887
116,2022040700275,269.464007843068,20.9491654320736,-8.307308640836128,-19.828371773032643,21.498272117165797
117,2022040700276,189.363634963287,81.9916721268382,-27.334366842943325,2.3324996632777766,27.433704915373543
118,2022040700277,19.1393945408345,23.4557639642735,-10.251939342339115,-16.52866529917769,19.449910972835873
119,2022040700278,112.292832363848,83.503623066732,-33.53793243351277,-3.139779414577621,33.68458292286062
120,2022040700279,18.6304042530537,23.6218999906559,-7.754751749294387,-13.571913597747372,15.631155216358911
121,2022040700280,200.30878581549,20.8190067692922,-11.138830487150548,-27.975208148532893,30.11122407965534
122,2022040700281,110.186835159067,81.8087731881824,-27.134608210334164,-2.522158476614838,27.251573277693424
123,2022040700282,200.193446357502,20.6452416463871,-11.970752795793427,-28.56989594286839,30.97640838903574
124,2022040700283,249.953709770663,24.038310258009,-4.90700577082253,-11.420550969290714,12.430112231072279
125,2022040700284,329.953607100746,83.6257427020755,-32.38386689825948,-6.151597501806839,32.962963870204725
126,2022040700285,249.44141544841102,22.929567752697,-5.751600236130414,-14.69166784229378,15.777389177698085
127,2022040700286,239.80886124513904,69.7686784549587,-6.120544453966842,-2.7511111813169546,6.710415571702802
128,2022040700287,249.672703672884,59.7416052802437,2.6909224892007644,-0.31102372011854856,2.708837314672629
129,2022040700288,239.91840891979498,69.6405229552474,-6.094256801894352,-2.649850869438265,6.645425163050014
130,2022040700289,239.974088449701,69.5810695572582,-5.977017967844336,-2.8545835528221493,6.623699196670752
131,2022040700290,249.67406847022397,59.5418643041485,2.824782803418971,-0.5186268789471363,2.8719978631708605
132,2022040700291,240.07669993185803,69.45598116357,-5.82171729485253,-2.5892252778209612,6.371536690665141
133,2022040700292,170.330326188763,49.9928872867458,-4.2440203816274416,1.9944123643363056,4.689284559363685
134,2022040700293,179.969091941079,60.10063192089729,-5.5131959938499655,-0.4588878704840137,5.53226067211955
135,2022040700294,170.416180123051,50.0168322606914,-3.988179971254815,1.873631016831561,4.406367287273194
136,2022040700295,170.459630567988,50.0281780048244,-4.111268360771696,1.3256377823022634,4.319704048213216
137,2022040700296,180.214370121015,60.100153593623,-5.454157100413372,-0.29874155103752925,5.462332486246686
138,2022040700297,170.545232821663,50.0524095280998,-4.245341095133237,2.0676464874615155,4.722084604402913
139,2022040700298,149.430764098142,49.9753684385651,-2.5952821712702328,1.241246138905178,2.876835331724801
140,2022040700299,140.285845775594,40.2801171525498,-4.708547354415844,2.558452073031864,5.358740075687333
141,2022040700300,149.498769272526,50.0485605581634,-0.09152112740590287,-1.0543257304670863,1.0582905379368193
142,2022040700301,149.52783726569,50.0814256652229,-0.10573678800458827,-1.2462786034000974,1.2507560216246911
143,2022040700302,140.300411958669,40.4136697038193,-4.303066317607611,1.5373940651168745,4.569459513463897
144,2022040700303,149.592333216642,50.1544970854156,-0.12870726388688616,-1.3046028114787105,1.3109363277807982
145,2022040700304,99.3923390698619,40.4659973665257,-4.5311081926309145,2.1173548864871834,5.001413117175799
146,2022040700305,109.370980043415,30.289895741559995,-6.145921166690928,-9.102956263552441,10.983449354521019
147,2022040700306,99.3268024218269,40.6119587107532,-3.236068724306572,3.483777517792806,4.7548760848116505
148,2022040700307,73.026770283017,35.6188335104962,-4.122595674880585,1.6456206232067847,4.438903280548878
149,2022040700308,83.1338528585766,24.9356920107384,-11.497842414086596,-17.224706199543537,20.709680920761727
150,2022040700309,72.9068862688873,35.7637465580483,-3.1207338287108426,2.332022781353687,3.895806704960196
151,2022040700310,50.1404812229011,35.5362760110875,-1.0414072333550002,4.86926361950547,4.979383217018311
152,2022040700311,59.596838880810495,25.0263640864869,-102.25927653980831,155.12305454114752,185.7959140794566
